x,y,z
-30.967,45.717,-51.355
-29.373,43.908,-48.311
-29.517,46.927,-45.848
-32.687,48.108,-43.967
-33.693,51.821,-44.462
-35.907,52.752,-41.421
-38.98,54.92,-42.208
-39.172,57.47,-39.31
-42.571,58.292,-37.671
-42.191,61.226,-35.191
-45.941,61.609,-34.351
-46.016,61.269,-30.491
-48.302,58.366,-29.335
-48.092,59.466,-25.626
-48.767,55.828,-24.444
-40.849,32.01,-3.182
-37.096,30.999,-3.053
-34.545,30.144,-5.847
-32.809,26.708,-5.82
-28.955,27.057,-5.654
-25.889,24.725,-6.024
-22.041,24.697,-5.85
-20.98,23.89,-9.465
-19.023,20.585,-9.937
-15.198,20.909,-9.581
-13.458,21.881,-12.909
-11.078,18.84,-12.47
-14.14,16.465,-12.784
-14.518,14.426,-16.057
-16.765,16.15,-18.707
-17.576,14.642,-22.185
-16.604,16.719,-25.29
-19.139,19.306,-26.671
-21.111,17.788,-29.635
-20.871,20.649,-32.233
-22.929,18.74,-34.917
-25.806,18.173,-32.372
-25.744,21.91,-31.336
-26.061,22.956,-35.059
-29.044,20.518,-35.549
-30.611,22.011,-32.33
-30.373,25.596,-33.791
-31.696,24.501,-37.278
-34.887,23.131,-35.557
-35.254,26.458,-33.584
-35.109,28.301,-36.99
-37.694,25.944,-38.654
-40.213,26.631,-35.772
-39.85,30.507,-35.866
-43.071,32.438,-36.776
-42.768,35.828,-38.64
-43.081,37.811,-35.316
-40.067,35.837,-33.875
-38.021,36.691,-37.059
-38.89,40.443,-36.533
-37.743,40.363,-32.826
-34.602,38.439,-34.035
-33.902,41.163,-36.692
-34.31,43.929,-34.014
-31.674,42.381,-31.61
-29.537,41.823,-34.768
-29.562,45.639,-35.351
-29.073,46.383,-31.575
-26.024,43.995,-31.594
-24.569,45.75,-34.732
-24.649,49.197,-32.972
-22.982,47.878,-29.743
-20.614,45.696,-31.879
-19.294,48.645,-33.98
-18.894,50.717,-30.758
-16.899,48.056,-28.774
-14.827,47.231,-31.94
-13.965,50.987,-32.04
-12.926,50.822,-28.32
-10.636,47.786,-29.048
-9.126,49.613,-32.12
-8.576,52.877,-30.099
-7.228,51.368,-26.812
-5.241,48.272,-28.068
-5.315,48.425,-31.933
-4.458,45.126,-33.763
-2.751,42.742,-31.22
-0.16,40.701,-33.253
-1.788,40.292,-36.701
-5.623,40.092,-36.36
-8.637,41.474,-34.4
-11.919,39.427,-34.593
-15.009,40.678,-32.639
-18.575,39.168,-32.679
-21.259,41.907,-32.289
-23.879,39.159,-31.501
-21.659,37.369,-28.879
-20.639,40.718,-27.201
-24.393,41.659,-27.046
-25.189,38.105,-25.761
-22.495,38.356,-23.005
-23.971,41.674,-21.644
-27.59,40.353,-22.082
-26.519,37.165,-20.144
-25.05,39.317,-17.273
-28.233,41.532,-17.413
-30.359,38.397,-16.588
-28.387,38.115,-13.27
-28.316,41.914,-12.563
-30.553,44.084,-10.265
-30.972,47.877,-9.635
-28.06,50.137,-10.846
-26.123,47.259,-12.589
-29.337,46.187,-14.479
-30.172,49.851,-15.433
-26.601,50.435,-16.81
-26.561,47.098,-18.789
-30.136,47.836,-20.094
-28.855,51.279,-21.32
-25.652,50.014,-23.119
-27.62,47.135,-24.806
-29.709,50.12,-26.067
-33.256,48.725,-25.365
-36.494,44.793,-19.859
-37.258,41.033,-20.42
-33.781,39.343,-20.621
-35.517,36.003,-21.563
-37.043,37.518,-24.797
-33.677,39.189,-25.778
-31.692,35.909,-25.21
-34.376,33.876,-27.157
-34.232,36.401,-30.091
-30.377,36.092,-30.081
-30.669,32.237,-30.404
-33.093,32.803,-33.372
-30.432,35.071,-35.055
-27.868,32.185,-34.815
-30.524,29.637,-35.982
-31.412,31.852,-39.02
-27.671,31.787,-40.035
-26.873,28.007,-39.691
-30.328,26.934,-41.101
-29.104,28.363,-44.498
-27.392,25.868,-46.901
-29.191,22.865,-45.243
-31.162,22.032,-48.481
-27.947,20.165,-49.57
-26.049,17.709,-47.241
-23.028,20.144,-46.989
-22.985,22.575,-43.973
-21.857,25.94,-45.529
-22.254,27.651,-42.074
-21.356,26.301,-38.561
-21.577,28.587,-35.436
-20.84,26.974,-31.993
-21.003,28.947,-28.68
-19.777,27.486,-25.309
-20.223,29.583,-22.085
-17.913,28.843,-19.096
-19.164,30.048,-15.637
-16.2,29.511,-13.209
-17.068,30.172,-9.501
-14.982,30.298,-6.242
-15.735,27.949,-3.281
-18.864,29.021,-1.293
-20.452,30.804,-4.332
-23.875,29.137,-5.037
-25.226,29.73,-8.616
-29.05,30.268,-8.688
-30.649,27.606,-11.001
-33.132,30.03,-12.701
-30.103,32.109,-13.948
-28.319,29.001,-15.433
-31.623,27.746,-17.029
-32.178,31.34,-18.336
-28.781,31.321,-20.197
-29.996,28.149,-22.077
-32.582,30.397,-23.922
-29.531,31.856,-25.839
-26.654,29.299,-25.365
-27.663,25.608,-24.884
-24.035,24.65,-23.858
-23.369,26.294,-20.4
-20.56,24.69,-18.271
-20.585,25.982,-14.653
-17.498,24.644,-12.731
-16.07,25.431,-9.221
-12.46,26.769,-9.457
-9.889,28.054,-6.852
-8.851,31.738,-7.522
-6.176,31.991,-4.707
-3.47,31.481,-7.441
-4.685,33.356,-10.603
-1.957,31.911,-12.95
-2.957,28.315,-11.855
-6.688,29.295,-12.238
-6.031,30.429,-15.884
-4.165,27.124,-16.706
-7.116,25.036,-15.311
-9.768,26.978,-17.389
-7.612,26.751,-20.607
-7.015,22.985,-19.879
-10.786,22.331,-19.249
-11.797,24.294,-22.433
-9.104,22.398,-24.479
-10.661,19.071,-23.262
-14.38,19.853,-23.996
-13.954,21.827,-27.334
-10.379,21.134,-28.64
-9.969,24.93,-29.298
-6.759,26.895,-28.408
-7.848,29.362,-25.614
-5.94,31.853,-23.368
-7.515,33.179,-20.102
-6.611,36.782,-18.975
-7.205,35.805,-15.296
-3.52,36.486,-14.234
-4.251,40.281,-14.416
-7.481,40.014,-12.306
-8.351,41.025,-8.677
-6.862,38.611,-6.032
-10.408,38.621,-4.432
-11.976,37.423,-7.79
-14.803,34.808,-7.304
-16.341,34.712,-10.874
-15.112,34.322,-14.498
-17.824,34.541,-17.261
-16.113,33.361,-20.51
-17.81,33.034,-23.981
-16.039,30.777,-26.581
-17.286,31.028,-30.243
-16.285,28.794,-33.237
-17.335,29.917,-36.781
-16.755,27.763,-39.927
-17.73,29.374,-43.293
-17.439,27.557,-46.676
-17.367,30.263,-49.432
-19.561,29.298,-52.472
-17.396,28.395,-55.546
-13.942,28.703,-53.825
-11.097,26.084,-53.857
-7.777,25.842,-51.893
-4.961,26.728,-54.396
-2.219,23.997,-54.3
0.58,26.676,-54.38
0.671,29.412,-51.663
1.168,33.175,-52.418
2.974,36.084,-50.626
0.944,38.242,-48.157
2.696,41.66,-47.663
2.407,42.613,-43.913
4.411,45.814,-44.77
6.82,47.067,-47.549
9.719,44.974,-46.013
7.811,41.812,-44.809
5.937,38.981,-46.667
4.602,35.542,-45.481
3.654,32.682,-47.908
0.102,31.493,-46.944
-2.509,29.103,-48.436
-5.011,31.108,-50.608
-8.726,30.411,-51.381
-9.508,31.256,-55.082
-13.002,31.672,-56.659
-14.371,33.376,-59.838
-17.998,34.521,-60.48
-20.523,37.41,-60.066
-19.903,39.187,-56.677
-21.351,42.584,-55.531
-18.533,45.245,-55.64
-18.008,49.055,-55.246
-14.715,51.054,-55.629
-15.199,54.354,-53.657
-12.732,56.861,-55.301
-13.313,59.785,-52.811
-12.944,57.778,-49.512
-10.424,55.438,-51.325
-11.464,51.766,-50.648
-13.049,48.786,-52.54
-15.848,46.616,-50.961
-16.545,43.009,-52.205
-19.413,40.684,-51.04
-18.582,36.907,-51.295
-21.752,34.884,-50.441
-21.75,31.791,-48.135
-25.517,31.272,-48.82
-28.622,33.168,-50.173
-28.743,35.734,-47.276
-25.319,35.258,-45.498
-22.062,36.678,-47.036
-18.411,37.654,-46.235
-17.764,41.427,-46.762
-14.122,42.372,-47.67
-12.943,46.055,-47.362
-9.583,46.785,-49.126
-7.75,50.168,-48.886
-6.637,51.499,-52.353
-3.259,52.303,-50.621
-2.008,49.992,-47.793
-1.134,52.92,-45.384
-4.823,54.149,-45.289
-6.209,51.063,-43.365
-6.81,53.134,-40.135
-8.444,55.872,-42.343
-10.631,53.253,-44.2
-11.701,51.686,-40.817
-12.547,55.294,-39.72
-14.917,55.727,-42.748
-16.584,52.225,-42.447
-16.815,50.354,-39.046
-16.026,53.493,-36.922
-19.031,55.422,-38.445
-21.263,52.723,-36.759
-23.4,52.276,-39.955
-23.839,49.988,-43.057
-23.864,52.953,-45.56
-20.475,51.661,-46.959
-22.3,48.569,-48.465
-25.297,50.64,-49.813
-23.685,51.419,-53.261
-22.713,47.722,-53.972
-23.304,46.644,-57.651
-22.828,43.265,-59.471
-19.394,42.624,-61.141
-17.34,39.719,-62.684
-14.42,39.22,-60.186
-11.582,36.682,-59.554
-11.238,36.782,-55.694
-7.974,35.428,-54.12
-7.654,35.72,-50.271
-5.99,33.749,-47.414
-7.64,30.611,-45.909
-8.166,32.228,-42.427
-7.684,30.059,-39.254
-7.76,32.765,-36.488
-7.862,31.845,-32.729
-7.772,34.94,-30.432
-9.43,36.462,-27.311
-9.79,39.743,-25.319
-11.229,40.574,-21.826
-14.544,42.519,-22.306
-14.456,43.592,-18.582
-10.96,45.195,-19.042
-11.942,46.833,-22.415
-15.096,48.45,-20.832
-13.095,49.509,-17.683
-10.461,51.367,-19.851
-13.035,52.862,-22.338
-14.949,56.205,-21.946
-17.823,54.638,-19.874
-19.176,54.661,-16.292
-18.432,51.499,-14.187
-20.682,48.413,-14.895
-18.675,45.323,-13.684
-16.824,47.094,-10.752
-16.529,45.808,-7.096
-19.868,47.524,-6.11
-21.872,45.619,-8.841
-25.219,43.807,-8.15
-25.596,40.338,-9.816
-27.744,38.936,-6.914
-29.947,36.911,-9.39
-26.664,35.104,-10.378
-25.726,34.393,-6.682
-26.549,35.69,-3.127
-22.784,35.257,-2.316
-19.999,37.867,-2.959
-19.3,38.243,-6.749
-15.941,39.813,-7.814
-15.502,39.478,-11.647
-11.923,38.336,-12.529
-12.53,38.387,-16.338
-15.379,38.419,-18.937
-13.497,36.599,-21.766
-14.673,36.704,-25.443
-12.696,34.017,-27.407
-13.328,33.448,-31.191
-12.158,30.537,-33.445
-12.789,31.868,-37.027
-12.367,29.559,-40.116
-12.878,30.345,-43.859
-12.889,27.119,-46.002
-13.352,25.978,-49.667
-16.276,24.081,-51.364
-12.045,40.198,-65.496
-11.366,42.341,-62.337
-8.76,40.65,-60.038
-9.403,41.334,-56.286
-6.274,39.973,-54.453
-6.146,40.223,-50.594
-2.299,39.975,-50.351
-2.149,43.16,-48.143
-3.954,44.046,-44.85
-7.819,44.141,-45.088
-11.041,44.373,-42.991
-13.828,41.711,-43.137
-17.371,41.158,-41.744
-19.919,38.252,-41.785
-23.462,39.645,-42.496
-26.861,37.799,-42.616
-29.628,39.756,-44.511
-32.476,37.601,-43.018
-31.725,38.879,-39.424
-29.91,42.165,-40.458
-27.087,40.784,-38.231
-23.267,41.248,-38.257
-21.963,37.939,-36.73
-18.244,38.981,-36.997
-16.113,42.135,-37.565
-12.396,41.589,-38.386
-9.09,43.36,-39.215
-6.266,41.17,-40.706
-2.762,42.788,-40.62
-1.119,39.274,-40.627
-3.057,36.112,-41.688
-0.731,33.652,-39.77
-2.086,31.65,-36.756
-0.272,32.559,-33.46
-0.857,32.061,-29.664
-0.137,35.861,-29.255
-3.758,36.547,-30.45
-4.509,35.443,-26.795
-2.199,38.215,-25.36
-3.96,40.628,-22.893
-2.638,44.191,-22.101
