x,y,z
67.501,47.887,10.872
63.94,47.032,12.036
63.015,46.963,15.688
60.11,44.705,16.697
57.404,47.359,16.684
54.714,45.207,18.252
54.493,41.59,19.265
51.44,41.809,21.495
48.602,39.266,21.052
47.007,40.617,17.909
43.379,39.98,18.834
40.982,38.152,21.081
43.018,35.694,23.229
39.996,33.394,23.169
39.534,33.325,19.385
41.456,31.345,16.705
44.666,33.202,15.949
43.82,35.956,18.396
46.752,35.106,20.664
49.211,35.274,17.756
52.064,37.739,18.202
53.211,37.455,14.553
51.237,38.979,11.691
53.242,37.414,8.891
56.475,35.658,7.828
59.623,36.88,9.518
62.339,35.825,7.048
62.728,39.156,5.38
62.693,41.144,8.6
65.373,38.879,10.099
67.511,39.222,6.957
67.359,42.99,7.347
68.497,42.643,10.937
71.797,41.003,9.926
74.823,43.21,9.494
78.555,42.618,9.948
79.619,46.243,9.581
81.55,47.78,12.49
79.72,49.022,15.542
80.597,52.538,16.51
78.888,52.281,19.889
77.734,49.574,22.237
75.056,49.825,24.924
74.956,46.774,27.252
71.82,46.595,29.442
71.994,44.163,32.32
68.949,43.137,34.295
70.45,41.763,37.454
68.977,38.301,38.012
66.549,38.903,35.139
66.074,35.416,33.703
63.161,34.339,31.503
60.975,33.801,34.564
61.492,37.362,35.848
60.735,38.718,32.398
57.477,36.745,32.085
56.337,37.628,35.628
56.849,41.338,34.968
55.175,41.169,31.544
52.141,39.271,32.921
51.704,41.844,35.712
52.379,45.101,33.925
51.339,44.338,30.316
49.195,41.247,30.651
49.96,37.789,29.333
49.505,38.78,25.715
51.21,42.094,26.293
54.574,43.261,25.021
57.469,45.177,26.692
58.362,47.848,24.098
61.994,47.632,25.155
62.945,44.217,26.476
60.83,42.243,24.047
61.573,44.43,21.058
65.067,43.083,20.225
64.959,40.853,17.097
67.999,38.598,17.653
67.758,36.289,20.649
69.477,33.276,22.152
70.407,31.54,25.375
73.799,31.715,27.111
75.598,29.798,29.83
77.091,31.569,32.878
78.751,28.933,35.109
81.73,30.016,37.187
84.725,28.074,38.382
85.802,26.499,41.632
88.939,28.405,42.672
90.747,25.366,44.091
89.972,22.767,41.402
89.375,24.897,38.346
86.266,22.743,37.655
82.911,24.305,36.855
80.776,25.701,39.665
77.285,25.65,38.199
75.735,28.554,40.006
77.577,31.806,39.593
77.201,34.982,41.64
77.281,38.499,40.146
81.027,39.007,40.498
82.143,36.004,38.48
79.524,36.568,35.789
80.257,40.294,35.4
83.99,39.314,35.225
83.172,36.759,32.477
81.628,39.258,30.109
83.774,42.155,31.072
87.13,40.403,30.59
86.465,37.263,28.574
87.74,34.884,31.248
85.884,32.583,33.672
86.54,33.055,37.385
85.447,32.033,40.883
82.425,33.333,42.713
83.231,36.636,44.386
86.149,37.718,42.212
86.35,40.944,40.229
88.498,41.398,37.144
90.839,38.508,38.116
91.055,34.845,37.212
91.369,31.81,39.477
95.076,32.566,39.854
94.123,36.08,40.921
95.673,37.61,37.848
94.181,40.881,36.618
92.767,41.039,33.098
91.768,44.207,31.232
88.033,45.002,31.079
86.083,45.925,27.953
85.847,49.403,29.47
89.599,49.837,30.057
90.252,48.599,26.524
87.628,50.946,25.045
89.061,53.903,26.985
92.515,52.939,25.755
91.424,52.955,22.128
90.051,56.428,22.676
86.323,55.738,23.084
84.037,57.44,25.546
82.906,55.127,28.358
79.956,55.109,30.721
79.018,52.898,33.687
75.465,53.251,34.971
73.582,51.361,37.672
70.811,51.717,40.247
72.973,49.892,42.837
75.863,51.106,44.951
78.624,51.817,42.447
80.862,49.428,44.469
78.546,46.462,43.878
79.698,43.619,41.537
78.162,44.564,38.167
79.343,48.162,37.939
82.601,47.405,39.846
83.694,44.639,37.46
84.364,47.178,34.698
86.815,49.284,36.668
88.172,47.185,39.529
90.372,44.192,40.107
90.11,42.683,43.592
90.093,39.144,44.915
86.862,39.741,46.853
83.766,41.764,45.925
83.446,42.821,49.581
86.415,45.134,49.178
84.384,48.301,48.809
86.61,50.917,50.365
89.982,51.218,52.174
88.863,49.707,55.466
87.194,46.591,54.105
89.976,46.16,51.587
92.686,46.267,54.213
91.231,43.244,55.951
89.594,41.266,53.184
91.805,42.027,50.19
95.232,42.598,51.789
97.028,42.041,48.486
94.973,44.837,46.953
95.152,47.246,49.877
96.783,50.496,48.906
98.816,50.667,52.11
100.317,47.296,51.213
101.284,48.295,47.687
98.117,46.996,46.094
96.081,48.903,43.508
93.512,49.915,46.041
89.911,49.211,47.015
86.996,49.018,44.55
86.153,52.644,45.093
89.782,53.639,44.748
90.3,51.769,41.474
86.996,53.261,40.251
88.431,56.712,40.844
91.624,55.679,38.974
89.844,54.127,35.99
88.203,57.517,35.233
85.341,56.546,32.928
83.755,59.63,31.35
80.344,58.991,32.912
79.704,57.051,36.124
76.196,57.25,37.608
74.597,55.294,40.452
74.36,54.901,44.223
76.919,54.182,46.954
77.941,57.632,48.194
78.564,56.085,51.614
81.929,54.446,50.868
83.178,57.69,49.308
83.16,59.042,52.86
85.989,56.727,53.87
89.513,58.174,53.988
92.541,57.001,51.949
95.049,55.035,54.013
98.026,55.809,51.782
98.989,57.299,48.488
98.856,60.868,47.251
95.473,61.556,48.767
96.131,59.832,52.084
93.973,61.395,54.806
91.369,62.783,52.413
87.977,61.194,51.914
87.455,59.444,48.592
84.951,62.193,47.891
87.684,64.84,48.311
89.977,62.839,46.139
87.316,62.724,43.433
86.92,66.521,43.555
90.673,67.032,43.579
91.08,64.782,40.55
88.704,66.935,38.503
85.519,64.889,38.752
82.208,66.759,38.363
80.209,65.558,41.38
76.42,65.428,40.938
73.958,64.225,43.585
70.478,64.766,42.166
68.478,64.928,38.944
68.682,68.724,38.627
72.463,68.786,38.829
72.615,65.826,36.428
70.516,67.628,33.79
72.801,70.635,34.122
75.919,68.795,32.934
76.828,69.988,29.458
79.935,67.917,28.866
81.719,64.942,30.342
85.195,63.936,29.276
88.633,62.871,30.492
89.324,66.474,31.46
86.154,66.626,33.574
84.551,63.202,34.171
81.045,62.894,35.587
80.472,61.13,38.887
76.86,61.006,40.06
76.203,59.715,43.568
72.433,59.74,43.873
72.01,57.776,47.129
74.059,56.517,50.075
73.489,52.906,49.114
71.163,51.446,46.432
68.815,53.9,44.71
65.133,53.702,45.848
62.882,51.025,44.377
60.115,52.043,41.978
57.176,50.066,43.497
56.27,49.037,47.064
54.394,45.905,48.05
54.373,43.401,50.935
56.862,40.537,51.229
55.94,37.073,49.982
54.891,34.841,52.884
54.353,31.173,53.664
51.052,30.182,52.018
50.571,33.842,51.124
48.514,32.982,48.066
46.149,30.986,50.279
45.905,32.948,53.52
46.332,36.512,52.258
44.463,38.511,49.561
45.828,39.481,46.117
48.248,42.384,46.036
48.259,45.416,43.769
51.66,47.125,43.731
51.776,50.791,44.471
54.314,53.459,43.445
57.032,54.161,45.994
56.364,57.698,47.319
60.083,57.958,48.138
60.802,57.024,44.339
61.168,60.907,43.717
61.354,63.845,41.549
64.89,64.749,42.575
66.211,61.188,42.041
66.88,60.321,38.396
65.339,57.158,37.037
67.342,54.544,35.168
65.865,55.871,31.898
66.893,59.386,32.752
70.458,58.377,33.67
70.646,56.296,30.466
69.399,59.116,28.291
71.749,61.636,29.856
74.68,59.243,29.621
73.981,58.623,25.897
73.849,62.362,25.288
77.183,63.083,26.989
78.897,59.996,25.592
77.709,60.628,22.077
79.748,63.815,21.788
82.904,61.66,21.329
83.135,61.074,17.57
85.271,57.962,18.094
82.27,56.173,19.557
81.371,54.948,23.037
80.784,51.996,25.355
78.022,52.205,27.962
76.93,49.623,30.441
73.58,50.171,32.18
72.359,48.012,35.035
68.856,47.56,36.521
70.244,46.281,39.796
67.347,46.05,42.176
65.556,43.307,40.146
67.918,40.8,41.759
67.903,42.559,45.134
64.098,42.415,45.424
64.018,38.866,44.054
66.329,37.962,46.965
64.009,39.792,49.338
61.032,37.739,48.05
59.23,40.99,47.223
57.293,40.593,43.941
56.353,44.239,43.541
59.909,45.514,44.014
61.221,42.916,41.602
58.611,43.563,38.913
58.85,47.328,39.25
62.58,47.235,38.676
61.968,45.15,35.536
59.512,47.765,34.247
62.151,50.391,35.111
64.791,48.584,33.086
62.396,48.286,30.16
62.106,52.035,29.936
65.923,52.346,29.713
66.063,49.679,26.996
63.522,51.817,25.025
65.739,54.901,25.278
68.735,52.865,24.132
66.889,51.34,21.213
65.523,54.733,20.091
68.98,56.186,19.923
70.337,53.073,18.219
67.554,52.932,15.714
68.383,56.396,14.453
72.183,56.329,14.931
72.442,53.106,12.913
75.807,51.825,14.083
74.972,50.895,17.618
74.851,47.397,19.094
72.306,47.183,21.938
72.449,44.031,24.057
70.003,43.182,26.831
70.623,40.272,29.111
71.122,39.167,32.702
74.182,38.076,34.668
72.549,35.051,36.217
69.232,33.274,36.799
67.223,33.717,40.016
64.65,31.915,42.169
61.2,33.372,41.45
58.762,31.061,39.714
55.216,31.68,38.47
53.032,28.866,39.929
49.361,27.828,39.719
47.031,29.957,41.84
46.067,27.039,44.137
49.668,25.989,44.732
50.598,24.867,48.263
54.306,25.544,48.259
56.899,25.007,50.981
58.41,28.433,50.489
57.198,31.984,50.205
54.339,32.897,47.82
52.069,35.836,46.923
49.072,36.447,44.693
49.113,39.476,42.402
46.392,41.316,40.509
47.636,41.674,36.982
46.754,44.143,34.261
44.614,41.276,32.916
42.417,41.454,35.964
43.463,37.908,36.795
45.576,36.479,39.606
49.165,35.487,39.268
51.011,33.675,42.057
54.757,33.959,42.624
56.847,31.401,44.514
60.253,31.853,46.196
61.193,28.373,47.436
64.84,27.438,46.875
66.283,28.64,50.225
65.314,28.584,53.932
67.123,30.924,55.138
67.294,34.619,54.881
67.582,35.096,51.114
66.298,33.224,48.081
69.218,31.932,46.05
70.437,32.007,42.444
70.12,29.24,39.918
72.225,27.901,37.081
69.756,27.758,34.244
70.896,29.274,30.912
69.138,32.497,30.062
67.982,34.908,27.413
70.356,37.315,25.649
68.902,39.575,22.948
70.573,42.112,20.689
69.896,44.727,18.019
72.323,46.345,15.615
75.562,45.407,13.889
77.008,42.084,15.05
73.885,41.054,16.936
73.933,37.732,15.107
76.51,36.654,17.665
73.908,36.279,20.444
71.765,33.816,18.563
71.773,30.145,19.495
73.752,28.826,22.491
76.716,30.927,23.58
78.688,31.509,26.741
78.808,34.687,28.755
82.509,34.97,27.838
81.608,35.11,24.145
79.941,38.421,24.892
83.323,39.985,25.73
84.661,38.873,22.364
81.495,39.979,20.528
81.751,43.498,21.927
85.527,43.622,21.381
85.275,42.465,17.76
82.269,44.666,17.056
84.069,47.725,18.25
87.19,46.788,16.295
89.176,46.893,19.501
92.552,45.152,19.696
