x,y,z
34.511,1.034,7.767
30.924,2.185,8.563
28.864,0.498,11.276
26.608,-2.427,10.393
25.663,-5.892,11.595
28.572,-7.986,10.308
31.363,-9.717,12.243
33.735,-6.803,11.734
31.331,-3.848,12.075
28.43,-5.12,14.177
27.097,-4.298,17.644
30.235,-5.358,19.538
32.251,-2.785,17.539
29.923,0.211,17.796
31.336,1.548,21.067
34.581,2.536,19.284
32.87,5.232,17.264
32.821,5.197,17.217
29.881,5.729,19.598
31.122,5.365,23.207
27.598,5.789,24.658
27.605,5.851,24.565
27.092,2.215,23.433
28.355,1.279,26.935
26.085,3.872,28.605
23.613,3.689,31.437
20.479,3.831,29.335
20.356,3.71,29.432
21.031,1.647,26.284
18.401,-0.242,24.278
17.124,-2.779,23.584
16.737,-4.745,26.868
15.292,-7.997,27.985
11.879,-7.417,29.539
11.667,-9.567,32.656
11.681,-9.632,32.592
7.924,-9.783,32.979
8.076,-10.873,36.639
8.117,-10.862,36.608
10.296,-7.882,37.629
8.369,-5.264,35.624
6.093,-3.339,37.96
2.477,-2.572,37.168
2.082,1.198,37.417
-1.552,2.258,38.062
-0.536,5.878,37.466
0.206,5.193,33.776
-2.348,6.362,31.247
-3.816,4.43,28.312
-1.678,5.114,25.403
-3.252,7.352,22.755
-2.233,6.341,19.237
-3.865,8.832,16.798
-2.855,7.802,13.269
-6.003,8.563,11.224
-4.456,11.613,9.448
-1.041,10.012,8.814
0.583,10.96,5.504
3.192,8.441,4.379
5.643,9.763,1.763
8.386,7.382,0.666
10.016,4.042,1.443
13.808,3.699,1.453
13.813,3.717,1.435
16.476,0.996,1.805
19.226,2.774,3.747
19.162,2.73,3.86
21.537,-0.255,3.969
20.444,-1.065,7.544
20.509,-1.219,7.512
16.674,-1.529,7.277
16.736,-1.658,7.182
13.87,-0.201,5.182
12.069,2.881,6.373
8.775,4.595,5.596
8.868,8.364,6.143
8.843,8.309,6.284
5.855,10.49,7.068
4.929,14.137,6.7
5.631,15.391,10.239
5.326,19.117,9.4
2.099,19.316,11.43
0.359,17.066,14.019
0.21,17.369,14.076
-0.995,14.447,11.552
-1.312,14.536,12.155
-0.14,11.177,13.349
0.665,11.457,17.049
1.379,9.486,20.174
0.225,10.816,23.538
0.527,10.739,23.619
-0.617,9.542,27.033
0.88,6.476,28.615
4.234,7.483,30.137
4.492,10.54,27.877
4.052,14.191,28.727
3.085,16.168,25.66
2.639,15.253,22.053
4.92,13.079,19.98
4.741,13.22,16.124
4.651,13.122,16.218
5.256,10.102,13.984
8.179,10.613,11.589
9.088,7.128,10.352
8.761,3.416,10.863
11.174,0.587,10.144
11.793,-3.019,11.131
14.5,-5.322,12.482
14.396,-9.007,11.572
16.281,-12.268,11.554
17.746,-14.897,9.215
15.369,-17.452,10.794
11.978,-17.12,12.462
13.519,-17.797,15.907
15.439,-14.489,16.012
15.411,-14.484,16.055
15.121,-10.929,14.781
13.599,-8.834,17.568
15.682,-6.343,19.513
13.697,-6.402,22.724
13.126,-9.821,24.268
10.437,-10.984,26.705
11.73,-13.345,29.397
14.594,-13.992,26.929
12.179,-14.868,24.11
13.182,-13.534,20.713
13.18,-13.498,20.72
10.504,-12.779,18.137
10.934,-13.041,14.342
11.023,-9.276,13.917
10.278,-5.962,15.604
8.541,-2.867,14.199
9.618,0.558,15.462
7.306,3.553,15.028
9.497,6.573,15.754
8.046,9.782,17.198
9.496,13.116,18.359
8.374,15.452,21.098
6.836,18.526,19.492
8.114,20.807,22.266
11.511,20.589,20.547
10.227,21.733,17.165
12.021,19.235,14.874
13.189,15.644,15.019
16.935,16.58,14.877
16.698,18.763,17.99
14.353,16.328,19.711
16.79,13.42,19.134
16.773,13.42,19.114
19.293,15.149,21.446
16.943,15.658,24.399
16.395,13.145,27.223
12.634,13.145,26.639
12.897,13.908,22.92
11.82,10.677,21.257
9.228,7.933,21.808
9.514,4.636,19.975
6.532,2.304,19.871
7.894,-1.23,19.484
5.734,-4.068,18.202
6.819,-7.696,17.988
6.207,-9.85,14.921
5.641,-13.614,15.131
5.178,-15.901,12.156
1.76,-17.392,11.639
-1.249,-15.809,9.93
-1.207,-15.893,9.822
-0.587,-13.029,7.394
-0.948,-9.408,8.437
-3.105,-7.858,5.661
-2.016,-4.313,6.505
1.624,-5.257,5.956
1.179,-6.577,2.39
1.518,-3.181,0.677
4.926,-2.874,2.329
6.23,-6.257,1.33
5.958,-6.389,1.361
4.966,-5.859,-2.248
7.077,-2.685,-2.776
10.307,-4.237,-1.384
11.382,-5.663,-4.768
11.675,-1.997,-5.924
14.087,-1.022,-3.138
16.25,-4.128,-3.046
19.608,-2.395,-2.55
21.065,0.344,-0.384
20.089,3.838,-1.487
16.959,2.916,-3.446
13.695,4.679,-2.593
10.131,4.602,-3.967
6.938,6.611,-3.585
4.866,5.231,-0.739
1.828,7.43,-0.224
-1.484,6.515,1.382
-0.084,3.795,3.627
-2.02,3.529,6.88
0.172,2.438,9.839
-2.931,1.565,11.829
-2.887,-1.678,9.853
0.329,-2.696,11.662
-1.064,-2.498,15.251
-2.228,-5.44,17.409
-5.625,-5.358,19.12
-4.346,-4.534,22.616
-2.336,-1.436,23.554
-1.065,-3.046,26.785
2.613,-2.125,27.061
5.876,-2.035,28.959
7.834,1.212,29.177
11.357,2.222,30.208
13.902,4.977,29.434
16.393,3.975,26.777
18.203,4.791,23.587
18.3,4.551,19.835
19.219,0.935,18.979
21.506,1.946,16.129
24.306,4.502,15.983
24.357,7.229,17.173
22.771,5.373,20.128
21.509,8.584,21.725
19.961,8.127,25.183
16.878,10.105,24.261
14.088,7.526,23.828
11.041,6.664,25.946
10.401,3.086,24.871
6.84,1.762,24.695
6.829,-1.928,23.837
3.481,-3.544,23.16
2.805,-6.856,24.883
0.727,-8.349,22.064
2.735,-9.328,18.948
2.7,-9.364,18.949
1.297,-9.068,15.466
1.244,-12.216,13.318
1.207,-12.197,13.33
2.775,-12.081,9.873
3.065,-14.899,7.388
6.176,-16.844,6.519
6.219,-16.777,6.545
5.857,-15.42,2.978
5.816,-11.855,4.316
8.961,-12.166,6.474
10.736,-14.123,3.671
10.357,-11.018,1.522
12.101,-8.893,4.152
15.01,-11.353,3.921
15.366,-10.768,0.15
16.524,-7.186,0.739
20.232,-6.397,0.393
22.631,-4.564,2.713
24.801,-3.77,-0.298
24.304,-1.211,-3.036
23.447,-2.052,-6.652
26.437,-3.535,-8.466
28.173,-4.634,-5.243
28.401,-8.294,-4.087
25.045,-9.403,-2.703
24.704,-9.686,1.073
21.223,-10.395,2.313
19.735,-7.899,4.783
19.089,-10.263,7.697
19.917,-10.148,11.415
19.813,-6.342,11.546
19.071,-6.357,15.284
21.051,-5.213,18.304
21.109,-7.682,21.209
20.995,-7.729,21.16
19.736,-6.885,24.646
21.888,-4.476,26.651
22.337,-4.199,30.421
19.338,-2.805,32.253
21.57,-1.056,34.823
19.672,1.287,37.141
16.342,1.146,35.315
12.858,-0.055,36.117
10.527,-1.375,33.435
6.897,-0.45,34.146
3.833,-2.35,32.926
0.565,-0.667,31.947
-1.369,-3.812,32.852
-1.818,-6.251,35.703
