0.000149008061271161 9.99999955296516 0
-0.772658946808956 9.94216046703463 0
-1.54423635396115 9.876158517814 0
-2.29975096901113 9.70360371081674 0
-3.05040891219798 9.51530642177001 0
-3.77182303483294 9.23221781614484 0
-4.48248904545534 8.92680697361539 0
-5.1536591896441 8.53936906565901 0
-5.80619543315086 8.12459938474609 0
-6.41207135882096 7.64138943279417 0
-6.98983596536806 7.12788434214969 0
-7.51694092764894 6.55978412765329 0
-8.00524365372189 5.96074295931636 0
-8.44175209246673 5.32040095860383 0
-8.82815876721777 4.65113582121364 0
-9.16439155141203 3.95290590936156 0
-9.43908455992903 3.23052169370071 0
-9.66756134269655 2.48999765309961 0
-9.82345151186838 1.73290305422175 0
-9.93896534714838 0.96659107543577 0
-9.97203826904297 0.194100428352724 0
-9.97203826904297 -0.580868922636065 0
-9.88131524725162 -1.34903888924715 0
-9.76580141197162 -2.11535086803314 0
-9.55353422794696 -2.85957534439375 0
-9.32505744517944 -3.60009938499486 0
-8.99658607988232 -4.30137564643085 0
-8.66035329568806 -4.99960555828293 0
-8.22390152038226 -5.63998027010703 0
-7.78098083232948 -6.27520913484492 0
-7.25387587004859 -6.84330934934132 0
-6.7155695861378 -7.39933807082691 0
-6.1096936604677 -7.88254802277883 0
-5.48986490497103 -8.3452922878395 0
-4.81869476078227 -8.73273019579588 0
-4.13319720090316 -9.09041218318761 0
-3.41178307826819 -9.37350078881279 0
-2.67820691463405 -9.61716718978629 0
-1.92269229958406 -9.78972199678355 0
-1.15977755380768 -9.91318788625006 0
-0.386969598937452 -9.9710269721806 0
0.385837905397418 -9.97112792276179 0
1.15864495752737 -9.91327677627188 0
1.92158434468619 -9.78997173871883 0
2.67709895973617 -9.61741693172157 0
3.41072447767761 -9.37391050846913 0
4.13213860031258 -9.09082190284395 0
4.81770887928096 -8.73329094223126 0
5.48887902346972 -8.34585303427488 0
6.10880228056144 -7.88324738196009 0
6.71467820623154 -7.40003743000817 0
7.25309849689289 -6.84413157185408 0
7.78020345917378 -6.27603135735768 0
8.22325526934081 -5.64090704956498 0
8.65976370808564 -5.00056504885244 0
8.99608495975008 -4.30238620819083 0
9.32471228240824 -3.60117115987169 0
9.55318906517576 -2.86064711927059 0
9.76561974267597 -2.11645996629551 0
9.88113357795597 -1.35014798750953 0
9.9720237851725 -0.581990550881962 0
9.9720237851725 0.192978800106826 0
9.93911804870308 0.965481977173395 0
9.82360421342308 1.73179395595938 0
9.66787753772681 2.48892587822278 0
9.43940075495929 3.22944991882388 0
9.16486370380332 3.95189534760159 0
8.82863091960906 4.65012525945366 0
8.44236937576723 5.31947417914588 0
8.0058609370224 5.95981617985842 0
7.5176893330637 6.55896190514053 0
6.99058437078281 7.12706211963693 0
6.41293377098627 7.64069007361291 0
5.80705784531617 8.12390002556483 0
5.15461610340447 8.53880831922363 0
4.48344595921571 8.92624622718001 0
3.77285266768258 9.2318080964885 0
3.05143854504761 9.51489670211367 0
2.30082995616805 9.70335396888146 0
1.54531534111807 9.87590877587873 0
0.773763800150796 9.94208794030508 0
