-5.0047779083252 -2.20298624930729 0.670091169376974
-4.93252906338011 -2.73427958469615 0.218976430207659
-4.7927238962051 -3.23611958703825 -0.236438264243412
-4.50161807799008 -3.6719952455828 -0.701483234767811
-4.09534429189019 -4.02100395211823 -1.13820043530785
-3.61761202320224 -4.31611415986425 -1.55734105187785
-3.01574114664861 -4.45326286096067 -1.88279063855938
-2.38873938162369 -4.53587490559374 -2.16665029328956
-1.71129855554572 -4.47830948097662 -2.33622965751698
-1.04142988734653 -4.33156488424575 -2.41040787619838
-0.378303640769172 -4.10541312407431 -2.39963874476164
0.208689859144462 -3.77397778314693 -2.23319520281823
0.764226164680154 -3.41314154200377 -2.01576956817088
1.19087010582618 -2.99515607513167 -1.64935435466656
1.56966753957147 -2.57537062594979 -1.24365670745287
1.8648989252511 -2.15244142780093 -0.769350546852817
2.12458663679241 -1.72489350114243 -0.279773403847303
2.35907124135704 -1.29407055265384 0.22063200079786
2.56428819942564 -0.80053839680255 0.671532937018677
2.76043489945202 -0.288443995726065 1.10721958269963
2.86508805910305 0.339570101416176 1.39986787277834
2.92952102640451 0.984945090771513 1.6402689683657
2.88542877785638 1.67716457451395 1.73969266607225
2.75028433279596 2.35217927913701 1.72997534179308
2.53965474134494 3.01293067853308 1.62977666355011
2.20515146093253 3.57006465906714 1.38634232964028
1.83243247761251 4.08243345865054 1.09892202427693
1.36488410055854 4.42286530266474 0.703319083924341
0.875135983405772 4.66472090182574 0.282288348211634
0.353933144155528 4.76690421773162 -0.174770928062551
-0.162834536845776 4.69162938924544 -0.627812068070892
-0.677702048435068 4.54274564422477 -1.07911875798322
-1.12685019097119 4.16108608269149 -1.45806326166007
-1.54131379947247 3.72517417047692 -1.79798530484276
-1.87225963744501 3.15862664498604 -2.04394417418708
-2.11249119039325 2.52876100622286 -2.18517818420459
-2.28779921716109 1.85357907374002 -2.25146140621312
-2.31873336076651 1.16784286860583 -2.14254509558896
-2.30785111277548 0.491705933601792 -1.98023698340099
-2.17746164510077 -0.116051228817988 -1.65677627486395
-2.01712908535974 -0.678435440736748 -1.28200617692307
-1.81091771067457 -1.17129920383563 -0.828619816635533
-1.58547625132504 -1.62804361781908 -0.348972815749102
-1.34786192651025 -2.06192406707487 0.147297473626273
-1.04939837392347 -2.49821005537134 0.605960996988158
-0.730801221243175 -2.9344773613812 1.05064778808034
-0.277172359184985 -3.35741815922007 1.37674432095294
0.219181810049472 -3.75558139106223 1.64927204959135
0.81069403669956 -4.09855988103682 1.80249101988721
1.44918554729327 -4.35725721931322 1.84443468525589
2.11938708116155 -4.55906656233698 1.8112698727397
2.78935882178134 -4.60295910117406 1.6254667950199
3.44395133263803 -4.59174903507502 1.39493726360461
4.03640557576744 -4.43284801264031 1.05619629090205
4.55666743310915 -4.1885611106284 0.673390463694084
5.00641614264679 -3.86087445556341 0.247544756797958
5.30026947317629 -3.42294473598571 -0.204638845984576
5.53106390634905 -2.9490685942461 -0.659530294342949
5.57017292578601 -2.39918989990688 -1.09208193037129
5.51095529203334 -1.83686960986256 -1.48826007632352
5.32533057017576 -1.25855461407527 -1.83767707648686
4.98794445052993 -0.707129604432847 -2.08572841186285
4.59109740877966 -0.169947855782333 -2.29016535456332
4.04989857870978 0.273638597635849 -2.32666051034038
3.48311661060562 0.665874767915571 -2.29441591502659
2.8688917267129 0.962883872798057 -2.13469617503119
2.26632405360649 1.15933460107611 -1.85922473327549
1.67037801608743 1.29866523970875 -1.51800295023129
1.14180114239078 1.33912424091883 -1.06304153181216
0.625276600818682 1.36476373651877 -0.590721492647953
0.142961611359065 1.36110567819902 -0.0824342891180806
-0.354353203487223 1.34519362627953 0.409492150214013
-0.885039722496477 1.30201881371561 0.865019060310694
-1.45473858433343 1.19639402464924 1.24690607634292
-2.05841759877384 1.03637466253693 1.56465198582683
-2.66850918365852 0.750714233943289 1.73062213888729
-3.27263700904099 0.421457443197236 1.84116092209562
-3.79960104028373 -0.0348684996625158 1.76993904785823
-4.26388971665481 -0.525486533789492 1.63079547965573
-4.62907140598044 -1.07032980289029 1.38424901827947
-4.84917433445719 -1.63247245361503 1.0474959357
