-6.43337154388428 -2.58190840005409 -0.898329517571256
-6.27813040747369 -3.45692164817462 -0.397261899924015
-5.97794174297257 -4.28550734646782 0.113005564896577
-5.52963423583605 -5.04429811353703 0.619500364566722
-4.93282763215167 -5.70651517225205 1.10399500630242
-4.19378726040351 -6.24323761844401 1.54238045247558
-3.32905064022286 -6.62580129032904 1.90551530571195
-2.36792545892898 -6.82849289899191 2.16103588750764
-1.35405421302598 -6.82984627403412 2.27452605176108
-0.36729678225376 -6.58860504848444 2.1839577287786
0.504651313692392 -6.15730023569158 1.90435438497206
1.18670286988624 -5.57533781405103 1.44857097458854
1.6246995484193 -4.89811990997293 0.85128708720656
1.79681924018653 -4.18202924038755 0.163061179809779
1.70861005916409 -3.47071677482242 -0.556985634452468
1.32745394556092 -2.78102291617935 -1.20495102757785
0.715225710435319 -2.09032069013054 -1.61765211034589
-0.00678212405090844 -1.40891109360797 -1.72956516199717
-0.741342669905019 -0.760191314686035 -1.52596329414428
-1.4034885301778 -0.159833441934331 -1.04763818713065
-1.94405178241453 0.401758273577812 -0.389623219148278
-2.35034084103767 1.02457375182398 0.308837111275211
-2.65051553868005 1.77341939971154 0.927061027849702
-2.81798823904356 2.64578046048171 1.40789360765619
-2.82511664339728 3.60624201294385 1.71139235528425
-2.65275902726344 4.59492226508143 1.81636327179179
-2.29678570772646 5.53988414786963 1.71994572434909
-1.76294229565865 6.35913361805765 1.42898478321848
-1.07814334963363 6.9560327450404 0.96920953766926
-0.311180263318646 7.30841190382632 0.411467385218005
0.489041023395763 7.39311401861357 -0.195449423034782
1.27174665191175 7.20421931868835 -0.799725701918406
1.98691253485336 6.75369253222543 -1.34927508854903
2.58812602991186 6.07135376079785 -1.79437399040284
3.03547970596817 5.20346910558125 -2.08978979592322
3.26188226647668 4.21092792259247 -2.15627763647762
3.2961219592107 3.20985547555178 -2.00984560033528
3.15850260571561 2.27489774394101 -1.65891553502572
2.88382806774383 1.45777953958388 -1.13345876747816
2.50650029345625 0.77314625221311 -0.484355764622581
2.04871915256539 0.196406104003192 0.220638185913753
1.48118535454057 -0.356994413799149 0.862876465114546
0.796981329861712 -0.985484056879262 1.27185915610326
0.0787032075365968 -1.67499857059437 1.37500939905429
-0.576916281058586 -2.39392602335193 1.15807539383612
-1.07532865361773 -3.11158005059616 0.659112700738289
-1.33710192575393 -3.80810518889391 -0.0386775304858292
-1.25257459900473 -4.47720379048315 -0.804170146164866
-0.896007132322016 -5.09681131436379 -1.51675133028025
-0.284498729400987 -5.61803235698094 -2.11728622246624
0.536194193344562 -5.99365687476729 -2.55653815621637
1.49565371803217 -6.18761927979456 -2.8028903518456
2.51157281829918 -6.18312751730667 -2.84669389664121
3.49453476965903 -5.96443574826877 -2.68305873963302
4.37006847680669 -5.56436364986931 -2.35571890783591
5.10898190035844 -5.02735022045064 -1.91574440390431
5.69458435254495 -4.38193437645772 -1.39775669748685
6.12119276839937 -3.6543599430565 -0.833077872803457
6.38991554052964 -2.86704895418848 -0.248924077673795
6.50456270031704 -2.03833806635125 0.33122009043316
6.46747315175196 -1.18334610184183 0.886431433152141
6.24940487964777 -0.318425803433923 1.38158379190512
5.87115175907627 0.531991765930377 1.79258026769708
5.33509708487444 1.34075243041305 2.08766005735613
4.65506257708177 2.07440876501944 2.23405271192494
3.86099436681991 2.69716385983331 2.20348909462517
2.99905489661635 3.17741405575658 1.97807372697609
2.12816112993599 3.49543975621034 1.55575886191039
1.33003657729346 3.63887461972567 0.936694737063329
0.615722788824826 3.69876108320256 0.213917916271527
-0.071524798419947 3.72600960981042 -0.539368343139347
-0.786798475640001 3.71556560404582 -1.26364157076091
-1.57261323501355 3.63181618030709 -1.90036877395395
-2.43652578952143 3.41802292260965 -2.39517737366405
-3.3281831156499 3.01527733797737 -2.6842447690856
-4.16576085673331 2.44856780321107 -2.78011694878877
-4.90147711742358 1.75554626443626 -2.71272220292089
-5.50555403429426 0.967928107820983 -2.50957492930271
-5.96234764794952 0.116028236881296 -2.20076779070692
-6.26731032360822 -0.773636798085506 -1.81462098509658
-6.42282117724263 -1.67887516639307 -1.37465903372564
