-5.58109915754176 4.68858277355321 -0.457605466595851
-5.80843495302183 3.96483629031337 -1.15220516167701
-5.77315875035317 3.11116926020337 -1.72368880754364
-5.49309803593933 2.19648959538684 -2.09763343991636
-5.0184779077977 1.29446112916675 -2.21895092070729
-4.42789114136633 0.469482966361196 -2.06338319363583
-3.81554823469822 -0.239996677187273 -1.64318696576677
-3.28006897346938 -0.836295618862913 -0.998840978694375
-2.90141815420731 -1.4078452751591 -0.231720695153314
-2.62086358904821 -2.06776240736918 0.505905774365917
-2.35109887366916 -2.8496054297218 1.11666631845734
-2.01483420458077 -3.73144143091123 1.52199751588758
-1.55820093600325 -4.63884116260978 1.66928612890829
-0.966295891045444 -5.46841825726018 1.54748674662001
-0.251284768625009 -6.09840469250755 1.16750443135824
0.532508284236867 -6.4414583215137 0.601089868641082
1.3194073906398 -6.4800201622477 -0.0577866514272575
2.04907437024981 -6.20475833658284 -0.727255206245837
2.66375730663163 -5.63329557167453 -1.32044998867653
3.12365090064437 -4.82697572862455 -1.75993775933697
3.40606147965996 -3.86549846809584 -1.9814511884421
3.49798285626982 -2.8454877644542 -1.9020119064356
3.47804484899715 -1.88246775241348 -1.54268327835086
3.44218857772815 -1.02707748863124 -0.972337853791209
3.4738281154528 -0.262642601474526 -0.284473604894293
3.61261742478567 0.481966395812215 0.411607651360263
3.84362938900539 1.28656704545565 1.00867257625824
4.09402992952151 2.19802818176587 1.41012325360477
4.23318432945808 3.20744964737004 1.51207609400526
4.19680774943381 4.22034911556693 1.35882445951368
3.95414346878345 5.14540747865133 0.988358525992473
3.50308142227116 5.89911194114927 0.457033397174716
2.86724794719273 6.41547905180325 -0.163667104716986
2.08924842438254 6.64756656566724 -0.794113133029521
1.2284633089995 6.57408440877657 -1.34959891181871
0.356180569728021 6.19019132496515 -1.73238481420835
-0.45933048224914 5.58996978081943 -1.90049370919106
-1.17026761218043 4.85410999429069 -1.8214083729514
-1.76032355032336 4.07851159593697 -1.49790045846994
-2.25505892287828 3.34797174361669 -0.970522424260805
-2.71897683551533 2.71227619763953 -0.308202627214957
-3.2548721192455 2.16876636140925 0.381675829295274
-3.91504414087476 1.60823061423687 0.937019720328613
-4.62657317187495 0.950737851248156 1.28106546625245
-5.29782514469997 0.177900134176468 1.37083254334194
-5.82831902917365 -0.685797656969534 1.20075601623754
-6.13220952921543 -1.58406253251338 0.803463361317703
-6.15859121478802 -2.44586042917611 0.24372290315833
-5.85066683569418 -3.183812323612 -0.402074321208793
-5.25834566236052 -3.74463573859726 -1.02659687024139
-4.44574265630238 -4.09713740345714 -1.54531934051948
-3.48655476567946 -4.22705462479243 -1.88450930054798
-2.46967483748946 -4.14977965923932 -1.98946678278431
-1.48446465050316 -3.91183997844335 -1.83375578138978
-0.602478457148267 -3.58817527385443 -1.42131499576082
0.13979312190207 -3.29365294645459 -0.773346449154067
0.838514723610527 -3.10977416834251 -0.0409507961395093
1.58810354928091 -3.03056027511814 0.659306823248225
2.44606043232778 -2.99357239631658 1.22518931961834
3.4109079824535 -2.92105461016758 1.57127751396873
4.41930783584274 -2.74080797353156 1.6453058852366
5.36510907246793 -2.40320373463902 1.43205246452761
6.11695974359594 -1.88884032447859 0.959962408813627
6.61692347349545 -1.24658103601834 0.333739728989371
6.81653058468165 -0.520795955145376 -0.365847763565699
6.69336077527735 0.235200217364666 -1.05131959538563
6.2665786528071 0.96406390569605 -1.63640056693825
5.58546801333991 1.61390078880405 -2.04651096091988
4.7119325479526 2.1324915097749 -2.19753990445814
3.76494334659261 2.50335908523806 -2.05020537442484
2.85826680918896 2.76367810089957 -1.64137695839037
2.05914225067729 2.97142501446286 -1.02787209531259
1.37650706118751 3.20081023155022 -0.293086002485381
0.75995071033982 3.51836105591023 0.466750170780952
0.123025629698409 3.95126413186582 1.14832567068323
-0.633416430710035 4.46164416954583 1.61889766234252
-1.51538229280317 4.94223869898028 1.82687019027402
-2.47170743141435 5.30837702913883 1.76713136258928
-3.43160201488936 5.49443697628059 1.45560257474543
-4.31654578016321 5.45863057221578 0.935729471504644
-5.05280952645743 5.18628303189967 0.272272848267455
