-1.1907803225331 -6.04616902477574 -2.56300513478345
-0.23572152594257 -6.72758593079566 -2.82153762082264
0.865524646851487 -7.20507299586819 -2.8128813317828
2.02191580073289 -7.43017415002833 -2.58688303542225
3.16014425244571 -7.38160118056823 -2.21319374960808
4.22345895403262 -7.06178819174772 -1.76197867007572
5.16790046197897 -6.49513994912782 -1.28960077613416
5.96148462831043 -5.7240595004704 -0.828853719875443
6.58250987079522 -4.79919910208027 -0.385759108798893
7.01678394224 -3.77122834981437 0.0526458506106999
7.2521977410534 -2.68608705941948 0.504205979364363
7.2765366038822 -1.584662250691 0.975187705225666
7.07812273032046 -0.50226000135337 1.44743932226068
6.65067552933983 0.530580612068153 1.87429737782766
6.00166193867652 1.48499411795614 2.18372023401331
5.16537408432406 2.32854456010651 2.29045043325013
4.21610208215905 3.02568598860724 2.11892676395746
3.26924226592558 3.55774537727724 1.63452512273882
2.44602092625465 3.9640323894982 0.874009094618847
1.79681921291943 4.36611066603376 -0.0484637608465239
1.24987790012834 4.90110240653422 -0.968916561309326
0.65471839995009 5.61518413026435 -1.70957494704516
-0.112110586096406 6.41374286760422 -2.12329363248304
-1.06014217546308 7.11581287048185 -2.14403029708517
-2.1003646499182 7.55232382538138 -1.79690818989567
-3.10283016912907 7.61823146161516 -1.17535926362575
-3.94046464752266 7.28287373715184 -0.411217876838334
-4.51428085076451 6.58294587233329 0.350940300320311
-4.76781662707574 5.60835587728039 0.973562770466216
-4.69446606398401 4.48516496008656 1.34353006390983
-4.33919493553703 3.35423418704023 1.38796801900882
-3.78944692857269 2.3426947930836 1.08968596287446
-3.14754269783425 1.52501215614102 0.499646059057279
-2.47916905333792 0.878035579650846 -0.261506574565214
-1.77586627925238 0.270721083460438 -1.02020974638801
-1.00346761038274 -0.444654680262106 -1.57982217692503
-0.204800286876192 -1.30385234499589 -1.77443946159187
0.49349576931823 -2.23836117285098 -1.53751735651688
0.942800210457113 -3.16355129870365 -0.931962074431506
1.03894792635205 -4.03499726314118 -0.118315799152225
0.753516465204517 -4.83881618774985 0.721377848435573
0.105773396560803 -5.53985646616119 1.44354590581134
-0.839306860498177 -6.07134965164407 1.95006163959777
-1.97117461271405 -6.37532982575082 2.19204951152476
-3.16679256800187 -6.4216137462867 2.17026536128983
-4.3174372694215 -6.20721782853881 1.92066320981581
-5.33935985644573 -5.74917570199343 1.49834909228105
-6.17530271812165 -5.08008123965976 0.963134367652969
-6.79247709152571 -4.24300955616677 0.369774185371881
-7.17818762763765 -3.28599569710256 -0.238446006153368
-7.3332156780307 -2.2559710567647 -0.830287980920563
-7.26454813511111 -1.19433621634894 -1.38136530763321
-6.98060745427928 -0.135997616191934 -1.86503494585949
-6.48995228966792 0.88785854804843 -2.24372484124089
-5.80815184257002 1.84432175362651 -2.4641132044886
-4.97197371907933 2.69485656407205 -2.46231889157331
-4.05522995180523 3.40247687541838 -2.18486493267947
-3.16520760883112 3.96252392000008 -1.62344425877069
-2.39188405224707 4.44695571970311 -0.847724189211162
-1.72950361704222 4.9842688262719 -0.00376924277153595
-1.06419697745662 5.65517883870315 0.725292298122642
-0.254015167516679 6.39835030147587 1.17112978233757
0.74207841809062 7.0336564114279 1.24827378470408
1.84000860643706 7.38309643952385 0.974312393324814
2.89855846089124 7.34301045427451 0.442011547773104
3.77825052322793 6.89541244782776 -0.217006884868278
4.37376457439338 6.09435877475261 -0.861250450377339
4.62913784947014 5.0457409370658 -1.36046912320149
4.54367619298013 3.88511736095212 -1.61128417336187
4.17126517967814 2.75398947657499 -1.55187451260264
3.60520912755739 1.77102117342316 -1.1750925510198
2.94436110933954 0.997972137500704 -0.53927851428168
2.23611795445276 0.405898435202095 0.230723994782337
1.4451176096656 -0.125126253789594 0.960315421095512
0.529981893639847 -0.717252251134669 1.45518864515867
-0.449899803471421 -1.39644688772845 1.55954489313093
-1.34771387538472 -2.11567126773212 1.22196543669668
-2.00300066507437 -2.83882024959312 0.521187031132569
-2.31742762128253 -3.58529654460268 -0.367771171558434
-2.27866742901955 -4.3899077313592 -1.26020973854967
-1.89517671247256 -5.23470746754559 -2.02352223792259
